T = 0.45; % 0.3
Smin = 120; % 100
areaMin = 50;


Kf = 0.1;